AURKA

[[-10.41696783]
 [ -9.67825535]
 [ -9.66778232]
 [ -2.04022128]
 [ -1.22874916]
 [ -0.37989668]
 [ -4.56154436]
 [  2.57002273]
 [ -0.83620317]
 [  1.4694337 ]
 [ -2.47546826]
 [ -1.17045182]
 [ -2.51251298]
 [ -2.13786111]
 [ -1.07665926]
 [  0.51024696]
 [ -1.92582803]
 [ -2.85075482]
 [ -1.8935003 ]
 [  0.6840796 ]
 [ -3.51527391]
 [ -0.36669142]
 [ -3.53928018]
 [ -1.53981421]
 [  1.35512657]
 [  0.9910124 ]
 [ -0.52116262]]

IKBKB

[[13.75518922]
 [13.52225064]
 [13.88857869]
 [13.87793651]
 [13.69512782]
 [13.93272786]
 [ 2.31136082]
 [ 0.1004577 ]
 [ 1.64503416]
 [-1.74471181]
 [-1.07923326]
 [ 4.25853472]
 [-0.27639328]
 [ 2.79648044]
 [ 2.67343014]
 [ 1.38220421]
 [ 2.17187143]
 [ 4.94324039]
 [ 0.72945969]
 [ 1.88844725]
 [ 2.47379968]
 [ 2.49399247]
 [-1.5722375 ]
 [ 1.9383713 ]
 [14.18704234]
 [13.89471715]
 [14.07438481]]

CAMK2A

[[21.60390533]
 [21.73603755]
 [21.77925666]
 [ 0.05215467]
 [ 7.54340747]
 [ 8.8066536 ]
 [ 3.60677908]
 [-3.37060348]
 [-3.05942498]
 [-1.30461559]
 [-0.35396429]
 [ 2.16828017]
 [-2.73418362]
 [ 1.26980223]
 [ 0.83971494]
 [ 4.7163792 ]
 [-2.67349937]
 [ 4.50869536]
 [-4.67123063]
 [ 1.96043064]
 [ 4.18452529]
 [21.68725322]
 [21.67963915]
 [21.6823113 ]
 [21.7431509 ]
 [21.79706693]
 [21.81729928]]

MAPK1

[[ -8.67469487]
 [ -9.55448695]
 [ -9.26251264]
 [-10.59625272]
 [ -8.94624679]
 [-10.61901041]
 [-12.04788118]
 [-12.74259973]
 [-12.10428021]
 [ -5.42996453]
 [ -6.08010989]
 [ -7.98656604]
 [-10.86181797]
 [ -8.61283157]
 [ -8.90358701]
 [-13.4469054 ]
 [-13.25758977]
 [-13.49193775]
 [ -6.56548983]
 [ -5.38428817]
 [ -6.28891362]
 [ -5.27160577]
 [ -6.09259184]
 [ -5.70691345]
 [-12.0169202 ]
 [-12.05798332]
 [-11.39613696]]

CDK6

[[ -8.5916807 ]
 [ -8.90039673]
 [ -5.01320236]
 [ -5.87622439]
 [ -0.83602696]
 [ -4.04920766]
 [ -5.25196818]
 [ -5.28938946]
 [ -6.26491365]
 [ -4.44964925]
 [  0.09206812]
 [ -0.65805065]
 [-12.70161542]
 [-13.22521479]
 [-12.73974956]
 [-13.50565587]
 [-13.02112267]
 [-13.1275164 ]
 [ -0.04036779]
 [ -2.96460098]
 [  2.01879232]
 [ -8.74482443]
 [ -9.60396811]
 [ -8.32795576]
 [ -5.38351541]
 [ -3.50597396]
 [ -5.96971372]]

HIPK2

[[2.14160594]
 [2.27807288]
 [2.28769448]
 [2.94123143]
 [2.57276447]
 [2.52511399]
 [3.11228686]
 [2.47923535]
 [3.04514548]
 [2.31259672]
 [2.89160829]
 [2.75764811]
 [2.64085976]
 [1.96103378]
 [1.90285919]
 [2.29297759]
 [2.19281008]
 [2.11568785]
 [3.04583215]
 [2.87587451]
 [3.13735675]
 [1.60323186]
 [2.09658697]
 [0.48309443]
 [2.91066207]
 [3.35185115]
 [3.40683809]]

AKT1

[[-21.66847795]
 [-20.90453297]
 [-20.19536053]
 [-10.1782407 ]
 [ -8.51304696]
 [-10.74565318]
 [ -1.06399841]
 [  1.71179214]
 [ -2.94107251]
 [-12.32601348]
 [-12.20760296]
 [-13.37444292]
 [-20.61683961]
 [-20.02086632]
 [-18.31760361]
 [ -2.7400925 ]
 [ -2.88325226]
 [ -2.64201232]
 [ -1.25052001]
 [ -2.25762912]
 [ -2.66267128]
 [ -2.95740532]
 [ -2.71439695]
 [ -2.22394762]
 [ -8.97453491]
 [ -9.49989381]
 [ -8.14048129]]

PRKACA

[[26.71686454]
 [26.79392559]
 [26.5550207 ]
 [ 8.61782258]
 [10.70820666]
 [11.30875165]
 [22.31048936]
 [22.86108673]
 [23.68494795]
 [17.80079894]
 [16.15889578]
 [19.43969497]
 [27.19718648]
 [26.45239717]
 [26.58813272]
 [20.39800616]
 [22.5402431 ]
 [20.80979371]
 [ 6.20534398]
 [ 3.05240548]
 [ 3.84535185]
 [17.67591429]
 [18.55588293]
 [17.94836322]
 [15.65712542]
 [14.67617107]
 [16.1617186 ]]

PRKCA

[[12.90509986]
 [12.64411955]
 [10.83244644]
 [ 7.49156862]
 [ 7.45377207]
 [ 3.73022268]
 [42.0842978 ]
 [42.32357807]
 [42.12939758]
 [ 7.78811987]
 [ 7.8671282 ]
 [-2.84535258]
 [11.9226729 ]
 [12.35535313]
 [11.32774088]
 [40.62477929]
 [40.221306  ]
 [40.41454731]
 [ 4.51545325]
 [ 7.09058756]
 [ 8.14328984]
 [ 2.42665639]
 [ 8.55295878]
 [ 8.19667989]
 [42.07646178]
 [41.88092881]
 [41.96300819]]

AURKB

[[-10.64196361]
 [-10.00621604]
 [ -9.62335401]
 [ -7.05219745]
 [ -7.86436831]
 [ -5.55703565]
 [ -1.74914503]
 [  1.2627068 ]
 [  1.38363838]
 [ -3.51949893]
 [ -4.2057053 ]
 [ -2.75959445]
 [ -1.04106744]
 [ -1.24414631]
 [ -2.42656023]
 [ -1.82323693]
 [ -3.74424341]
 [ -4.54973297]
 [ -1.02668592]
 [ -0.15557338]
 [ -2.48334684]
 [ -1.48001984]
 [ -2.70230532]
 [ -1.648912  ]
 [  0.30133278]
 [ -0.24663763]
 [ -0.43769086]]

PAK1

[[ 5.88995055]
 [ 5.42450531]
 [ 4.41085805]
 [ 9.1603199 ]
 [ 4.61829726]
 [ 7.78139119]
 [ 2.02983863]
 [ 7.77045413]
 [ 7.24360785]
 [ 4.63572229]
 [ 4.19215822]
 [-0.69135549]
 [ 2.18748817]
 [-1.03800088]
 [-3.93909339]
 [-0.64386688]
 [-1.84789506]
 [ 0.1939122 ]
 [ 4.22620787]
 [ 0.16545785]
 [ 4.44356913]
 [ 2.34073339]
 [ 5.84441472]
 [ 6.54213772]
 [ 7.35459611]
 [ 7.23910917]
 [ 7.24145198]]

AKT2

[[ 3.96066886]
 [ 3.99783619]
 [ 3.98936552]
 [ 4.00056377]
 [ 3.97812663]
 [ 3.9746788 ]
 [ 0.68352237]
 [ 2.02856711]
 [-0.48963343]
 [-2.20680699]
 [-1.53591233]
 [ 2.56981746]
 [-0.5043341 ]
 [ 0.82487695]
 [ 0.17163549]
 [ 3.99576346]
 [ 3.9800439 ]
 [ 3.99558274]
 [-0.18199416]
 [-0.0796889 ]
 [-0.35272276]
 [ 1.83824938]
 [ 0.13681639]
 [-1.19655373]
 [ 0.95306358]
 [ 0.29223471]
 [ 0.99277665]]

RPS6KA3

[[  1.02632913]
 [  0.79755718]
 [  1.50791455]
 [-10.85777022]
 [-10.8187639 ]
 [-10.91209817]
 [-11.65178724]
 [-11.69355773]
 [-11.59411807]
 [ -0.34025765]
 [  0.57939377]
 [ -7.08573429]
 [ -9.94450489]
 [ -9.60979062]
 [-10.71492601]
 [  0.77353331]
 [ -5.10858751]
 [ -0.6523436 ]
 [ -9.9664773 ]
 [-10.73293179]
 [ -9.43459943]
 [ -7.92638326]
 [ -0.7955773 ]
 [  0.57835178]
 [ -9.85298837]
 [-10.15184307]
 [ -9.92338668]]

CHEK1

[[ -4.73680657]
 [ -7.99364087]
 [ -8.41530981]
 [ -4.67962177]
 [ -4.60934425]
 [ -4.66830985]
 [-15.25680541]
 [-15.59261155]
 [-15.70313315]
 [-14.74344217]
 [-14.4782168 ]
 [-14.35435591]
 [ -6.66752217]
 [ -5.50389537]
 [ -6.44904239]
 [-14.38510804]
 [-14.5362357 ]
 [-15.38605245]
 [ -0.31608649]
 [ -0.75375568]
 [ -2.17082425]
 [ -2.41299938]
 [ -1.90786726]
 [ -0.39403557]
 [  0.31014299]
 [ -2.01361774]
 [ -1.27144962]]

MAPK8

[[-8.10967903]
 [-8.14174097]
 [-8.15320325]
 [-8.27145367]
 [-8.45190498]
 [-8.56783771]
 [-8.41653664]
 [-8.42220615]
 [-8.02402301]
 [-1.19013302]
 [-1.2719586 ]
 [-4.07609231]
 [-9.27003365]
 [-9.2832977 ]
 [-9.34778523]
 [-8.20112418]
 [-8.17074022]
 [-8.42839409]
 [-1.67194782]
 [-1.93607083]
 [-1.58876252]
 [-2.8302296 ]
 [-3.99614635]
 [-2.06529075]
 [-8.32828934]
 [-8.0320392 ]
 [-8.54963767]]

CSNK2A1

[[-19.80862549]
 [-18.15633833]
 [-18.206281  ]
 [-18.74674933]
 [-15.98696603]
 [-19.28925161]
 [-19.55382504]
 [-19.8662698 ]
 [-20.88541591]
 [-16.10450891]
 [-18.91054917]
 [-17.5933559 ]
 [-17.87188699]
 [-15.9778007 ]
 [-15.39428546]
 [ -0.78963886]
 [ -3.92439809]
 [  3.87350797]
 [-32.30341429]
 [-32.26570218]
 [-32.43899556]
 [-19.9150033 ]
 [-20.25618145]
 [-17.84146131]
 [ -8.50019038]
 [ -8.22620231]
 [-10.21250517]]

PRKDC

[[ -4.93875787]
 [ -4.16223096]
 [ -3.47409251]
 [ -4.32779931]
 [ -1.2375907 ]
 [ -3.4495033 ]
 [ -0.81264986]
 [ -3.71928762]
 [ -3.15845324]
 [-13.47982486]
 [-13.07534381]
 [-11.0530452 ]
 [ -2.33466423]
 [ -0.58460803]
 [ -0.85888034]
 [ -9.7163944 ]
 [-10.77254836]
 [ -9.64985068]
 [-12.48918137]
 [-10.98524794]
 [-12.67481855]
 [-10.80498637]
 [-11.78887192]
 [-12.25826945]
 [ -4.01273571]
 [ -3.70074264]
 [ -4.42259302]]

PRKD1

[[23.05639222]
 [23.31679686]
 [23.31065965]
 [ 3.58829356]
 [10.62516445]
 [11.77397113]
 [ 3.84664865]
 [-2.98476273]
 [-2.38009824]
 [-0.97053251]
 [ 0.8155873 ]
 [ 2.51966865]
 [ 0.49603743]
 [ 4.23087856]
 [ 4.09578219]
 [ 7.30678982]
 [ 0.86947048]
 [ 7.61559326]
 [-0.76739502]
 [ 5.31811044]
 [ 7.42364116]
 [23.70408546]
 [23.22767617]
 [23.14903724]
 [20.51744902]
 [20.09081067]
 [22.30244748]]

CDK1

[[-18.23290229]
 [-18.49351219]
 [-15.66035745]
 [-22.2539831 ]
 [-18.12041953]
 [-20.18255704]
 [-20.80821736]
 [-22.15890408]
 [-21.93040437]
 [-10.9475157 ]
 [-13.04282088]
 [-10.50666959]
 [-10.72378458]
 [-10.38325379]
 [ -8.75690599]
 [-22.24269067]
 [-22.47355552]
 [-21.53554437]
 [-11.32629334]
 [-10.1018741 ]
 [-11.86547101]
 [-10.72662246]
 [-13.43076839]
 [-11.37199672]
 [-12.60268775]
 [-11.89297955]
 [-13.09770029]]

PRKAA1

[[-4.0993239 ]
 [-3.56025615]
 [-2.903914  ]
 [-3.95647593]
 [-3.87005504]
 [-3.82392497]
 [-3.89521031]
 [-3.81013558]
 [-3.85101199]
 [-0.53700068]
 [-3.88811799]
 [-0.44166979]
 [-3.96800874]
 [-3.78928614]
 [-3.89219866]
 [-2.90273175]
 [-3.92015911]
 [-3.90851838]
 [-4.08668968]
 [-2.87894462]
 [-3.33083185]
 [-3.94261711]
 [-3.96297674]
 [-3.88271996]
 [-3.27436168]
 [-3.14963617]
 [-3.33195894]]

GSK3B

[[-11.03971741]
 [-11.10496454]
 [-10.95751528]
 [-11.08438366]
 [-11.09521577]
 [-10.8923111 ]
 [-10.56915683]
 [ -9.69541086]
 [ -9.37783579]
 [ -1.13384752]
 [ -1.94974656]
 [ -2.33198017]
 [-10.84685802]
 [-11.09997895]
 [-10.86185187]
 [-10.88724843]
 [-11.00292782]
 [-10.95671228]
 [-10.86616499]
 [ -9.78392499]
 [-10.03689392]
 [ -1.43015909]
 [ -1.48927866]
 [ -1.17416887]
 [-11.13840298]
 [-11.11677986]
 [-11.09208696]]

MAPK3

[[-13.19621841]
 [-10.9559806 ]
 [-11.76324143]
 [-13.43347404]
 [ -8.00040869]
 [-12.80511778]
 [-14.27150021]
 [-14.44695663]
 [-15.01716006]
 [ -5.90861672]
 [-11.29253853]
 [ -9.23332197]
 [-14.39108807]
 [-12.75846022]
 [ -9.32955153]
 [ -2.46319345]
 [ -4.15342088]
 [ -2.89718645]
 [-30.79186582]
 [-30.14889372]
 [-30.54846478]
 [-12.86866117]
 [-13.34445626]
 [ -9.37882594]
 [ -6.46712037]
 [ -6.58942754]
 [ -8.33864184]]

CDK2

[[-31.65160397]
 [-30.44891114]
 [-33.0247434 ]
 [ -4.43925364]
 [ -8.38727818]
 [ -5.45901741]
 [-22.00483494]
 [-16.17754627]
 [-21.87254799]
 [-10.56920314]
 [ -1.60884203]
 [ -8.62405865]
 [-52.10497602]
 [-55.82437337]
 [-59.41424065]
 [-21.19719215]
 [-23.86813703]
 [-15.18860646]
 [-13.5012905 ]
 [-16.23546254]
 [-12.14744228]
 [-10.45765913]
 [ -6.22150482]
 [-11.34678483]
 [ -7.46229062]
 [-11.74900283]
 [-11.95917536]]

ATR

[[-5.87603422]
 [-6.00455366]
 [-5.87730656]
 [-8.03289712]
 [-8.24737726]
 [-8.08067533]
 [-6.64777784]
 [-6.39664003]
 [-6.39315123]
 [-2.77226546]
 [-4.39026855]
 [-3.73848306]
 [-6.07364018]
 [-6.68365958]
 [-5.85910841]
 [-7.87619087]
 [-8.20011243]
 [-8.21755152]
 [-6.45287395]
 [-6.19269964]
 [-6.60193785]
 [-7.15162471]
 [-5.57833978]
 [-5.84056023]
 [-3.0003135 ]
 [-2.52461822]
 [-2.85600704]]

PRKG1

[[ 4.94793138]
 [ 4.88148106]
 [ 5.0805346 ]
 [ 5.02872265]
 [ 5.196024  ]
 [ 5.24700238]
 [ 6.27977628]
 [ 6.27751641]
 [ 6.29027011]
 [-0.41813879]
 [-0.07576183]
 [ 3.40778716]
 [ 4.93081996]
 [ 4.59802307]
 [ 4.62467344]
 [ 4.75487855]
 [ 4.92248596]
 [ 4.33992186]
 [ 4.95082337]
 [ 4.54934429]
 [ 5.01733958]
 [ 3.91616368]
 [-0.24936664]
 [-0.84603628]
 [ 5.42780552]
 [ 5.46079211]
 [ 5.47473278]]

CSNK1A1

[[-2.7841393 ]
 [-2.63514852]
 [-2.78805328]
 [ 0.46279247]
 [ 0.43001976]
 [-1.34160639]
 [-2.94074849]
 [-2.71152457]
 [-2.54345334]
 [-2.65519367]
 [-2.56864737]
 [-2.70062954]
 [-0.38048731]
 [-0.66178357]
 [-4.03506833]
 [-0.03126417]
 [ 1.0252952 ]
 [-1.82795271]
 [-0.18865271]
 [-0.65082041]
 [ 0.56340399]
 [-0.24050396]
 [ 0.63761211]
 [-0.85902586]
 [ 1.50078929]
 [ 2.1180901 ]
 [ 1.98727665]]

ATM

[[6.29945383]
 [6.71497916]
 [6.50031983]
 [8.29980374]
 [8.0869677 ]
 [8.21614797]
 [7.38956406]
 [6.81460598]
 [6.84130986]
 [3.4081312 ]
 [4.5742644 ]
 [4.26134283]
 [6.41985938]
 [7.30343105]
 [6.32498267]
 [8.23139437]
 [8.01997854]
 [9.41195243]
 [7.49373485]
 [7.36538529]
 [7.77243751]
 [7.29151057]
 [6.19087918]
 [6.58786558]
 [4.02860167]
 [3.23195631]
 [3.95086305]]

Csnk2a1

[[-2.91566242]
 [-0.96685852]
 [-1.35716118]
 [-7.55806664]
 [-7.43781882]
 [-7.4524281 ]
 [-7.44737253]
 [-7.44419395]
 [-7.50098371]
 [-7.4807144 ]
 [-7.44103869]
 [-7.46665871]
 [-7.45173432]
 [-7.41626036]
 [-7.46595464]
 [-7.46146666]
 [-7.47897862]
 [-7.48123028]
 [-7.05958797]
 [-3.30553908]
 [-6.6053885 ]
 [-2.38583376]
 [-4.57193136]
 [-5.93876179]
 [-4.16245238]
 [-3.58233359]
 [-3.09175736]]

RPS6KA1

[[-11.71941925]
 [-11.68319393]
 [-12.14927528]
 [  0.39967905]
 [ -2.66822326]
 [ -1.93748824]
 [-12.72117951]
 [-12.71190441]
 [-12.63252258]
 [-12.71120183]
 [-12.72087576]
 [-12.67150735]
 [-11.82364736]
 [-11.71368576]
 [-12.56301014]
 [-12.51291749]
 [-11.83426829]
 [-11.9875567 ]
 [ -3.39486797]
 [ -5.02989664]
 [ -1.91940833]
 [-12.74536632]
 [-12.75164516]
 [-12.72348827]
 [-11.7122715 ]
 [-11.96921352]
 [-11.79933528]]

MAPKAPK2

[[ 4.65073800e-01]
 [ 9.65561193e-03]
 [-2.67826636e+00]
 [ 3.56912434e+00]
 [ 2.08032015e+00]
 [ 4.52706825e-01]
 [-6.63527697e-01]
 [ 1.07908852e+00]
 [-5.54221297e-01]
 [-5.38776459e-02]
 [ 2.69371490e+00]
 [-1.45406795e+00]
 [-7.24822131e-01]
 [-2.04660335e+00]
 [-1.10220835e+00]
 [ 2.34142971e+01]
 [ 2.35033993e+01]
 [ 2.36077101e+01]
 [ 3.90142422e+00]
 [ 1.69869129e+00]
 [ 2.88322266e+00]
 [ 5.09476304e-01]
 [ 3.91283478e-01]
 [ 2.97730805e+00]
 [ 4.22918766e+00]
 [ 3.10879222e+00]
 [ 3.17053100e+00]]

CDK4

[[ 7.16274716]
 [ 7.69075505]
 [ 3.37168481]
 [ 7.57448288]
 [ 2.66138891]
 [ 5.79778814]
 [ 6.93292326]
 [ 7.01181461]
 [ 7.97352791]
 [ 4.21849695]
 [ 1.24263231]
 [ 0.03305064]
 [10.61457095]
 [11.22559772]
 [10.97859213]
 [14.9856237 ]
 [14.48787761]
 [14.57021393]
 [ 3.96494103]
 [ 6.41849854]
 [ 3.06013462]
 [ 8.77196687]
 [ 7.79302451]
 [ 7.57215777]
 [ 0.7088512 ]
 [-1.68276166]
 [ 1.52409666]]

MAPK14

[[-12.47669091]
 [-12.85274188]
 [-14.71115537]
 [ -2.88220094]
 [ -5.56206665]
 [ -4.38485727]
 [-12.1141067 ]
 [ -8.0852115 ]
 [-11.96796447]
 [ -3.03880148]
 [  0.15444074]
 [ -4.78786723]
 [-60.41841483]
 [-59.52559204]
 [-59.93870906]
 [-11.64329825]
 [-13.90981026]
 [ -5.25398308]
 [ -2.45951789]
 [ -4.44804743]
 [ -2.25496708]
 [ -6.43401232]
 [ -2.338702  ]
 [ -4.91716558]
 [ -4.66078025]
 [ -8.06204347]
 [ -6.68056479]]

MTOR

[[-1.40989058]
 [-1.44902287]
 [ 2.01016669]
 [-1.55431017]
 [ 1.72675525]
 [-0.97763253]
 [-3.42634647]
 [-1.40058679]
 [-1.31377292]
 [-2.56915109]
 [-2.92626161]
 [-4.62455443]
 [-2.39283204]
 [-0.21026601]
 [-2.88859208]
 [-3.75898128]
 [-3.82332189]
 [-3.08745739]
 [-2.81993273]
 [-4.59708383]
 [-2.48656642]
 [-2.96241235]
 [-0.64194868]
 [-3.14105971]
 [-0.69337786]
 [-3.34858684]
 [-0.98448802]]

CDK7

[[ 4.02499787]
 [ 0.69468867]
 [ 1.70420126]
 [ 2.69878849]
 [-4.0427414 ]
 [ 2.60586421]
 [ 5.65498663]
 [ 4.69493342]
 [ 7.05195805]
 [-4.69115726]
 [ 2.48209287]
 [-1.95478448]
 [ 4.27254865]
 [ 3.60244109]
 [-1.36760109]
 [-0.90049983]
 [ 0.8835194 ]
 [ 2.66074427]
 [32.48521688]
 [32.50195424]
 [32.53296673]
 [ 3.16937828]
 [ 3.7104125 ]
 [-2.73551876]
 [-1.59963576]
 [-1.24937661]
 [ 1.24057564]]

TBK1

[[13.40168658]
 [13.40960864]
 [13.39854553]
 [13.37594174]
 [13.32418269]
 [13.32607729]
 [ 1.43389436]
 [-0.85675731]
 [ 0.48680452]
 [-1.91661948]
 [-1.15452093]
 [ 3.57626128]
 [-1.57453809]
 [ 1.89716557]
 [ 1.51103483]
 [ 0.06497523]
 [ 1.07252404]
 [ 4.30998837]
 [-0.42299583]
 [ 0.64733798]
 [ 1.41286326]
 [ 1.71004769]
 [-1.46189015]
 [ 2.63257579]
 [13.28704782]
 [13.3050765 ]
 [13.28096823]]

PLK1

[[-4.21326724]
 [-4.93290157]
 [-2.85663699]
 [-7.5257018 ]
 [-3.432757  ]
 [-6.99812697]
 [-2.93867791]
 [-9.64013027]
 [-9.68114431]
 [-5.86754959]
 [-5.46108371]
 [ 1.73081176]
 [-2.23738678]
 [ 1.00721007]
 [ 4.14007984]
 [ 0.79795499]
 [ 1.19089399]
 [ 0.58800803]
 [-2.3314655 ]
 [ 1.62534267]
 [-3.54393049]
 [-0.710669  ]
 [-4.3758622 ]
 [-3.96726464]
 [-6.48626802]
 [-6.33085498]
 [-5.97000198]]

RPS6KB1

[[23.00890487]
 [22.99137339]
 [23.09111916]
 [ 0.33704299]
 [-1.67742505]
 [ 1.19931347]
 [ 0.92957194]
 [-1.28859563]
 [ 3.05451883]
 [ 3.89058629]
 [ 3.70773267]
 [ 4.50774046]
 [23.0074317 ]
 [23.03626935]
 [22.97724805]
 [ 2.10056124]
 [ 2.16727137]
 [ 1.06002648]
 [-0.62514708]
 [ 1.70424311]
 [ 1.42699069]
 [ 1.07364888]
 [ 1.29586303]
 [-0.54596115]
 [ 0.16896677]
 [ 0.70570644]
 [-0.89160789]]

CDK9

[[-4.77475474e+00]
 [-1.30584343e+00]
 [-1.74428862e+00]
 [-3.14554421e+00]
 [ 4.93087261e+00]
 [-2.85417303e+00]
 [-6.26165928e+00]
 [-4.67232914e+00]
 [-7.91391005e+00]
 [ 4.52605363e+00]
 [-2.78537146e+00]
 [ 1.82052153e+00]
 [-6.41124287e+00]
 [-5.32744660e+00]
 [-1.41929074e-02]
 [-3.84835874e-01]
 [-2.23097053e+00]
 [-4.31655350e+00]
 [-3.23850071e+01]
 [-3.23787729e+01]
 [-3.23089116e+01]
 [-4.72661322e+00]
 [-5.49400814e+00]
 [ 1.27845273e+00]
 [ 1.59862862e+00]
 [ 1.67243598e+00]
 [-1.44966949e+00]]

CDK5

[[ -9.24006141]
 [ -9.78128646]
 [ -6.39080823]
 [ -8.27967978]
 [ -4.06340741]
 [ -7.70900097]
 [ -5.5477172 ]
 [ -6.81021062]
 [ -7.69776293]
 [-14.71736445]
 [-11.74724944]
 [ -9.30635229]
 [ -6.20491225]
 [ -6.45440601]
 [ -6.93971602]
 [-14.47106415]
 [-13.96567363]
 [-14.43400292]
 [ -9.72956298]
 [-10.69777641]
 [ -8.63909836]
 [-10.86647775]
 [-12.33445133]
 [-12.18088716]
 [ -4.78205667]
 [ -3.54567588]
 [ -6.26491311]]

MAP3K8

[[-1.26782142]
 [ 1.41943833]
 [ 0.1330713 ]
 [ 0.68511242]
 [-0.48916123]
 [ 0.40196122]
 [-0.88551172]
 [ 0.70236039]
 [ 1.5285271 ]
 [ 2.07344824]
 [ 1.57054413]
 [-4.52490786]
 [ 0.24695496]
 [-1.00272933]
 [-1.07469014]
 [ 0.9871169 ]
 [ 1.14681003]
 [ 0.16350151]
 [-1.26104939]
 [-1.60942528]
 [ 2.16967702]
 [-2.26871711]
 [ 2.08849597]
 [-1.23621303]
 [ 3.01548418]
 [ 2.0159656 ]
 [ 1.47815891]]

PRKCE

[[-1.03820249]
 [-3.91636336]
 [-0.58395235]
 [-0.74099921]
 [-2.21225594]
 [-2.9105578 ]
 [ 3.20229815]
 [-1.19945168]
 [-1.45458278]
 [-3.09284592]
 [ 0.81499236]
 [ 0.52591724]
 [-0.4964693 ]
 [ 4.09531954]
 [ 0.95239035]
 [-1.05261371]
 [ 0.13703797]
 [ 0.35732163]
 [ 0.06699911]
 [-0.04679964]
 [-2.24837289]
 [ 1.44064158]
 [ 0.40009659]
 [-1.15101696]
 [-0.40706217]
 [ 0.27821754]
 [-0.52473569]]

SGK1

[[-20.98018051]
 [-21.2484887 ]
 [-20.57681964]
 [ -0.8981847 ]
 [  0.04797624]
 [ -1.25729889]
 [  0.43592606]
 [ -2.26163885]
 [ -3.72090573]
 [-20.24037246]
 [-20.89356238]
 [-21.27268391]
 [ -3.03217716]
 [  1.47568702]
 [ -2.5686655 ]
 [ -0.23301154]
 [ -1.63967286]
 [ -1.09648326]
 [ -0.54692705]
 [ -0.46707875]
 [ -1.79102451]
 [-21.13668067]
 [-21.05319274]
 [-20.91493181]
 [ -1.01725131]
 [ -2.13330981]
 [ -2.22268755]]

PRKCD

[[ -9.52416138]
 [ -8.95223502]
 [-10.12329808]
 [ -9.85143612]
 [-10.3324562 ]
 [ -9.89375305]
 [-10.87363725]
 [-10.50734269]
 [-10.83442962]
 [ -1.48968879]
 [ -2.43093149]
 [  6.60563476]
 [ -8.56836844]
 [ -9.16719068]
 [ -8.63291623]
 [ -8.76323784]
 [ -7.95361764]
 [ -8.01507657]
 [ -4.99480641]
 [ -3.49365969]
 [ -5.2606395 ]
 [ -6.79775412]
 [ -8.68856963]
 [ -8.98101301]
 [-10.46003181]
 [-10.31355292]
 [-10.71044778]]

PRKCB

[[-9.07066559]
 [-8.94461519]
 [-8.96828237]
 [-9.21787233]
 [-8.97823393]
 [-9.19437192]
 [-9.18123086]
 [-9.25504283]
 [-8.99857771]
 [-0.73668598]
 [-1.9013278 ]
 [ 6.14613643]
 [-9.12924757]
 [-9.08479462]
 [-9.19202934]
 [-8.93950606]
 [-8.91425427]
 [-9.01879743]
 [-4.50744066]
 [-3.8919919 ]
 [-4.58574583]
 [-8.73990046]
 [-9.13777151]
 [-9.21538711]
 [-9.15529852]
 [-9.02897745]
 [-9.21198111]]

MAP2K1

[[-4.03607299]
 [-3.98729255]
 [-4.00240543]
 [-4.02303619]
 [-3.93215881]
 [-4.08398765]
 [-1.09703784]
 [-0.96493296]
 [-0.54361978]
 [ 0.95467686]
 [-0.26475031]
 [-0.9332439 ]
 [ 0.00546013]
 [ 0.56950298]
 [-0.07307   ]
 [-1.72138587]
 [ 0.88916305]
 [-0.70670981]
 [-4.05905284]
 [-3.92088227]
 [-4.04394651]
 [-4.01944389]
 [-4.03313513]
 [-3.98630766]
 [-4.00604792]
 [-4.03734822]
 [-4.10509585]]

MAPK9

[[-7.48025143]
 [-7.4917277 ]
 [-7.50588394]
 [-7.53959118]
 [-7.49724238]
 [-7.55763466]
 [-7.5299858 ]
 [-7.54208672]
 [-7.49251469]
 [-0.59524036]
 [ 0.44209099]
 [-2.92900613]
 [-7.48499353]
 [-7.5044184 ]
 [-7.49950734]
 [-7.51412308]
 [-7.49730501]
 [-7.49870526]
 [ 0.02651813]
 [-0.20228347]
 [ 0.64127899]
 [-1.82495637]
 [-2.23698448]
 [-0.95120578]
 [-7.50963163]
 [-7.49451681]
 [-7.54391726]]

Prkaca

[[ 1.88667105]
 [ 2.46310505]
 [-0.64595141]
 [-2.03568808]
 [ 0.67062665]
 [ 0.07327407]
 [-1.03967964]
 [-1.52826292]
 [ 1.34387822]
 [-0.30844829]
 [-0.69918855]
 [ 0.09379725]
 [-1.82160372]
 [ 0.97118857]
 [ 0.04546246]
 [ 2.07928794]
 [ 1.58715181]
 [-5.5102414 ]
 [-2.52250797]
 [ 1.78263875]
 [ 1.87080407]
 [-0.83522482]
 [-2.49284413]
 [-5.82670788]
 [ 2.02870411]
 [ 1.31485986]
 [ 2.62617073]]

DYRK1A

[[-1.28680697]
 [-3.26966716]
 [-2.71965272]
 [-2.44994191]
 [-1.78170137]
 [-2.20562881]
 [-2.52740361]
 [-2.00041204]
 [-2.17754067]
 [-1.83116881]
 [-2.52601019]
 [-1.4497722 ]
 [-2.15186617]
 [-2.54910241]
 [-2.55262707]
 [-2.8681202 ]
 [-2.06860112]
 [-2.50578162]
 [-1.75311341]
 [-2.66839472]
 [-1.48428623]
 [ 1.57749893]
 [-0.61170782]
 [-1.60765619]
 [-1.79258243]
 [-1.9166604 ]
 [-1.81117809]]

Mtor

[[-3.52980271]
 [-0.77341456]
 [ 0.9533398 ]
 [-0.12809971]
 [-2.16185455]
 [ 0.91965785]
 [-1.32043075]
 [ 4.66698442]
 [-1.19510219]
 [ 0.64477515]
 [-0.2456253 ]
 [-3.43716407]
 [-0.27946658]
 [-1.40609424]
 [ 2.25023768]
 [ 1.05556324]
 [-1.22939522]
 [-2.03804952]
 [ 0.31139215]
 [ 1.33925616]
 [ 0.6452825 ]
 [-2.77167226]
 [-0.546651  ]
 [ 1.40257603]
 [-0.65139255]
 [ 0.5828182 ]
 [ 1.59330157]]

SRC

[[17.74439489]
 [18.67786388]
 [17.78643919]
 [17.99440326]
 [17.72804979]
 [16.20606499]
 [14.50930928]
 [15.93650754]
 [15.48112265]
 [19.63169789]
 [19.61336709]
 [19.5889527 ]
 [15.24904956]
 [14.73341697]
 [16.83051608]
 [ 7.55954754]
 [ 8.24852484]
 [ 1.51842865]
 [17.38444481]
 [15.74578301]
 [18.31041635]
 [ 3.63024506]
 [ 3.3462126 ]
 [ 3.68374142]
 [13.58398229]
 [13.36585234]
 [13.71338144]]

PDPK1

[[ 1.53292536]
 [ 0.34548896]
 [-1.51274836]
 [ 1.16221617]
 [ 2.19996977]
 [-1.36975513]
 [-0.96707904]
 [ 0.19882679]
 [ 0.06133889]
 [ 1.24057842]
 [ 1.6406699 ]
 [ 0.8808618 ]
 [ 0.63101538]
 [-0.49662244]
 [-3.42743982]
 [ 2.46295708]
 [ 0.37607129]
 [-0.1627791 ]
 [-3.04334227]
 [ 0.19570773]
 [ 0.74103425]
 [ 1.30434392]
 [ 1.93536653]
 [-4.29026079]
 [ 0.48388761]
 [-0.29619869]
 [ 0.22396663]]

SYK

[[-15.34716438]
 [-15.34716438]
 [-15.34716438]
 [-15.34716438]
 [-15.34716438]
 [-15.34716438]
 [-15.31859264]
 [-14.77475183]
 [-14.94640276]
 [-15.34716438]
 [-15.34716438]
 [-15.34716438]
 [-15.34716438]
 [-15.34716438]
 [-15.34716438]
 [ -3.05767822]
 [ -1.00988241]
 [  4.74065577]
 [-15.34716438]
 [-15.34716438]
 [-15.34716438]
 [  0.54841411]
 [ -0.73776488]
 [ -2.46327226]
 [ -8.15736512]
 [ -7.81502994]
 [ -8.25973724]]

JAK2

[[-15.28901651]
 [-15.259946  ]
 [-15.273561  ]
 [-14.48618024]
 [-14.70482003]
 [-13.95582146]
 [-15.23748282]
 [-15.27851969]
 [-15.2835125 ]
 [-15.26046552]
 [-15.23274335]
 [-15.25939875]
 [-15.2672004 ]
 [-15.25517744]
 [-15.26674034]
 [ -2.82068885]
 [ -0.7466207 ]
 [  5.09057046]
 [-15.2224235 ]
 [-15.24975544]
 [-15.26120463]
 [ -0.07496739]
 [ -1.19660522]
 [ -1.96675846]
 [ -8.01321871]
 [ -7.65625266]
 [ -8.11668589]]

RET

[[-2.70364593]
 [-0.45291033]
 [-1.6446692 ]
 [ 2.41746489]
 [-0.21979386]
 [ 2.00592951]
 [ 1.14240968]
 [-2.10542583]
 [-3.02309706]
 [-1.06029866]
 [ 2.08753179]
 [ 1.00282641]
 [ 0.50967797]
 [-0.18320996]
 [-0.9027054 ]
 [-1.64855877]
 [ 0.63450154]
 [ 1.56516387]
 [ 4.85010672]
 [-0.54158541]
 [ 0.42041875]
 [ 0.44790404]
 [ 0.96620381]
 [ 1.27570485]
 [-3.16651749]
 [-1.4755884 ]
 [-1.39072522]]

ABL1

[[ 3.07838006]
 [ 3.08362951]
 [ 3.13003556]
 [ 3.08754919]
 [ 3.21101009]
 [ 3.12946726]
 [ 3.01724204]
 [ 3.09666789]
 [ 3.01859549]
 [-0.80335005]
 [ 0.08359273]
 [ 3.77048879]
 [ 3.01592509]
 [ 2.97554262]
 [ 2.93371616]
 [ 3.02249286]
 [ 3.10771996]
 [ 3.08747393]
 [ 3.08249845]
 [ 3.09098686]
 [ 3.06693289]
 [ 3.0526732 ]
 [ 3.08707339]
 [ 3.10006117]
 [ 3.06633037]
 [ 3.09357257]
 [ 3.09893318]]

LCK

[[-15.15475459]
 [-15.15475459]
 [-15.15475459]
 [-14.99678182]
 [-15.14206062]
 [-15.15775748]
 [-15.15475459]
 [-15.15475459]
 [-15.15475459]
 [-14.97241336]
 [-15.14940296]
 [-15.02543126]
 [-14.95228946]
 [-15.07458573]
 [-15.05312406]
 [ -2.69298431]
 [ -0.61648081]
 [  5.21467314]
 [-15.15475459]
 [-15.15475459]
 [-15.15475459]
 [  0.95404434]
 [ -0.34700525]
 [ -2.09073675]
 [ -7.86416282]
 [ -7.5170285 ]
 [ -7.96797006]]

